       465.10010   0.00012202292
       465.90937   0.00012215994
       466.71865   0.00012236080
       467.52792   0.00012247374
       468.33719   0.00012260553
       469.14646   0.00012277445
       469.95574   0.00012286566
       470.76501   0.00012314205
       471.57428   0.00012321690
       472.38355   0.00012338135
       473.19283   0.00012363274
       474.00210   0.00012382599
       474.81137   0.00012401585
       475.62064   0.00012407490
       476.42992   0.00012430528
       477.23919   0.00012446582
       478.04846   0.00012471840
       478.85773   0.00012484072
       479.66701   0.00012503403
       480.47628   0.00012524487
       481.28555   0.00012541011
       482.09482   0.00012560336
       482.90410   0.00012582137
       483.71337   0.00012603983
       484.52264   0.00012622461
       485.33191   0.00012628961
       486.14119   0.00012649532
       486.95046   0.00012660322
       487.75973   0.00012688649
       488.56900   0.00012706241
       489.37828   0.00012720055
       490.18755   0.00012725301
       490.99682   0.00012741394
       491.80609   0.00012754716
       492.61536   0.00012772311
       493.42464   0.00012788530
       494.23391   0.00012793997
       495.04318   0.00012813638
       495.85245   0.00012816119
       496.66173   0.00012831262
       497.47100   0.00012832764
       498.28027   0.00012842691
       499.08954   0.00012848120
       499.89882   0.00012855406
       500.70809   0.00012859738
       501.51736   0.00012863743
       502.32663   0.00012867873
       503.13591   0.00012868896
       503.94518   0.00012868922
       504.75445   0.00012866664
       505.56372   0.00012863704
       506.37300   0.00012861242
       507.18227   0.00012855916
       507.99154   0.00012846821
       508.80081   0.00012844481
       509.61009   0.00012833827
       510.41936   0.00012822970
       511.22863   0.00012813047
       512.03790   0.00012786761
       512.84718   0.00012776068
       513.65645   0.00012768089
       514.46572   0.00012748719
       515.27499   0.00012730225
       516.08427   0.00012709739
       516.89354   0.00012681358
       517.70281   0.00012675764
       518.51208   0.00012647323
       519.32136   0.00012618868
       520.13063   0.00012599138
       520.93990   0.00012575385
       521.74917   0.00012555900
       522.55845   0.00012521892
       523.36772   0.00012503257
       524.17699   0.00012467579
       524.98626   0.00012444457
       525.79554   0.00012403922
       526.60481   0.00012390950
       527.41408   0.00012349065
       528.22335   0.00012322588
       529.03263   0.00012307269
       529.84190   0.00012267135
       530.65117   0.00012250812
       531.46044   0.00012201290
       532.26972   0.00012187948
       533.07899   0.00012157499
       533.88826   0.00012115244
       534.69753   0.00012098359
       535.50681   0.00012060435
       536.31608   0.00012023710
       537.12535   0.00012013908
       537.93462   0.00011981477
       538.74390   0.00011952926
       539.55317   0.00011940385
       540.36244   0.00011901125
       541.17171   0.00011889547
       541.98099   0.00011855569
       542.79026   0.00011836879
       543.59953   0.00011807767
       544.40880   0.00011778901
       545.21807   0.00011763357
       546.02735   0.00011724906
       546.83662   0.00011695953
       547.64589   0.00011688020
       548.45516   0.00011659913
       549.26444   0.00011625337
       550.07371   0.00011598814
       550.88298   0.00011581070
       551.69225   0.00011563520
       552.50153   0.00011528048
       553.31080   0.00011510196
       554.12007   0.00011485442
       554.92934   0.00011445217
       555.73862   0.00011422000
       556.54789   0.00011395838
       557.35716   0.00011377038
       558.16643   0.00011355041
       558.97571   0.00011328539
       559.78498   0.00011302486
       560.59425   0.00011259667
       561.40352   0.00011253086
       562.21280   0.00011219594
       563.02207   0.00011189443
       563.83134   0.00011170908
       564.64061   0.00011153435
       565.44989   0.00011123448
       566.25916   0.00011070209
       567.06843   0.00011039519
       567.87770   0.00011021973
       568.68698   0.00010997522
       569.49625   0.00010946382
       570.30552   0.00010923849
       571.11479   0.00010884204
       571.92407   0.00010849382
       572.73334   0.00010810154
       573.54261   0.00010795613
       574.35188   0.00010760552
       575.16116   0.00010710118
       575.97043   0.00010695987
       576.77970   0.00010665274
       577.58897   0.00010627529
       578.39825   0.00010589499
       579.20752   0.00010556314
       580.01679   0.00010549638
       580.82606   0.00010509036
       581.63534   0.00010475628
       582.44461   0.00010444476
       583.25388   0.00010438482
       584.06315   0.00010403931
       584.87243   0.00010378987
       585.68170   0.00010347912
       586.49097   0.00010327467
       587.30024   0.00010306059
       588.10952   0.00010284270
       588.91879   0.00010266134
       589.72806   0.00010247726
       590.53733   0.00010223938
       591.34661   0.00010216722
       592.15588   0.00010196527
       592.96515   0.00010185526
       593.77442   0.00010179084
       594.58370   0.00010175256
       595.39297   0.00010169915
       596.20224   0.00010167206
       597.01151   0.00010166997
       597.82078   0.00010167406
       598.63006   0.00010169329
       599.43933   0.00010173898
       600.24860   0.00010179726
       601.05787   0.00010188836
       601.86715   0.00010193433
       602.67642   0.00010203080
       603.48569   0.00010210802
       604.29496   0.00010228168
       605.10424   0.00010236118
       605.91351   0.00010253105
       606.72278   0.00010265304
       607.53205   0.00010277461
       608.34133   0.00010292662
       609.15060   0.00010309404
       609.95987   0.00010318333
       610.76914   0.00010337323
       611.57842   0.00010350632
       612.38769   0.00010365409
       613.19696   0.00010389883
       614.00623   0.00010400824
       614.81551   0.00010419562
       615.62478   0.00010436033
       616.43405   0.00010449542
       617.24332   0.00010471509
       618.05260   0.00010484838
       618.86187   0.00010494705
       619.67114   0.00010507630
       620.48041   0.00010530430
       621.28969   0.00010543238
       622.09896   0.00010552252
       622.90823   0.00010573369
       623.71750   0.00010583737
       624.52678   0.00010595842
       625.33605   0.00010611524
       626.14532   0.00010628557
       626.95459   0.00010643638
       627.76387   0.00010660358
       628.57314   0.00010668251
       629.38241   0.00010679152
       630.19168   0.00010698182
       631.00096   0.00010705883
       631.81023   0.00010722857
       632.61950   0.00010736096
       633.42877   0.00010747650
       634.23805   0.00010762938
       635.04732   0.00010768164
       635.85659   0.00010778775
       636.66586   0.00010784881
       637.47514   0.00010794328
       638.28441   0.00010804136
       639.09368   0.00010812264
       639.90295   0.00010816779
       640.71223   0.00010818329
       641.52150   0.00010823419
       642.33077   0.00010825072
       643.14004   0.00010825305
       643.94932   0.00010825058
       644.75859   0.00010823176
       645.56786   0.00010820372
       646.37713   0.00010814892
       647.18641   0.00010803703
       647.99568   0.00010796603
       648.80495   0.00010790695
       649.61422   0.00010781866
       650.42349   0.00010766321
       651.23277   0.00010751293
       652.04204   0.00010712232
       652.85131   0.00010681112
       653.66058   0.00010662965
       654.46986   0.00010650909
       655.27913   0.00010592586
       656.08840   0.00010579015
       656.89767   0.00010552289
       657.70695   0.00010515156
       658.51622   0.00010482278
       659.32549   0.00010430845
       660.13476   0.00010397976
       660.94404   0.00010362999
       661.75331   0.00010327468
       662.56258   0.00010259449
       663.37185   0.00010244959
       664.18113   0.00010195063
       664.99040   0.00010141418
       665.79967   0.00010100706
       666.60894   0.00010079872
       667.41822   0.00010006483
       668.22749   9.9780664e-05
       669.03676   9.9382873e-05
       669.84603   9.8875869e-05
       670.65531   9.8406854e-05
       671.46458   9.8003176e-05
       672.27385   9.7869939e-05
       673.08312   9.7354612e-05
       673.89240   9.6789037e-05
       674.70167   9.6375021e-05
       675.51094   9.5986936e-05
       676.32021   9.5726267e-05
       677.12949   9.5590869e-05
       677.93876   9.4950185e-05
       678.74803   9.4870018e-05
       679.55730   9.4552306e-05
       680.36658   9.4474271e-05
       681.17585   9.4257215e-05
       681.98512   9.3990733e-05
       682.79439   9.3925366e-05
       683.60367   9.3718030e-05
       684.41294   9.3576193e-05
       685.22221   9.3398849e-05
       686.03148   9.3217459e-05
       686.84076   9.3071038e-05
       687.65003   9.2978473e-05
       688.45930   9.2907452e-05
       689.26857   9.2828945e-05
       690.07785   9.2703332e-05
       690.88712   9.2597802e-05
       691.69639   9.2441733e-05
       692.50566   9.2369221e-05
       693.31494   9.2306043e-05
       694.12421   9.2173526e-05
       694.93348   9.2107410e-05
       695.74275   9.1997332e-05
       696.55203   9.1891598e-05
       697.36130   9.1825154e-05
       698.17057   9.1778333e-05
       698.97984   9.1677925e-05
       699.78911   9.1560694e-05
       700.59839   9.1453112e-05
       701.40766   9.1401147e-05
       702.21693   9.1225804e-05
       703.02620   9.1127193e-05
       703.83548   9.1060501e-05
       704.64475   9.0890862e-05
       705.45402   9.0852489e-05
       706.26329   9.0650115e-05
       707.07257   9.0606431e-05
       707.88184   9.0237831e-05
       708.69111   9.0059308e-05
       709.50038   8.9786809e-05
       710.30966   8.9769012e-05
       711.11893   8.9490371e-05
       711.92820   8.9220543e-05
       712.73747   8.9053879e-05
       713.54675   8.8801527e-05
       714.35602   8.8538654e-05
       715.16529   8.8364781e-05
       715.97456   8.8147965e-05
       716.78384   8.7812899e-05
       717.59311   8.7578672e-05
       718.40238   8.7260123e-05
       719.21165   8.6994216e-05
       720.02093   8.6842221e-05
       720.83020   8.6667846e-05
       721.63947   8.6381486e-05
       722.44874   8.6099099e-05
       723.25802   8.5959604e-05
       724.06729   8.5625761e-05
       724.87656   8.5414591e-05
       725.68583   8.5237327e-05
       726.49511   8.5093212e-05
       727.30438   8.4706684e-05
       728.11365   8.4505940e-05
       728.92292   8.4358828e-05
       729.73220   8.4144747e-05
       730.54147   8.3974628e-05
       731.35074   8.3749255e-05
       732.16001   8.3656960e-05
       732.96929   8.3439765e-05
       733.77856   8.3281629e-05
       734.58783   8.3215527e-05
       735.39710   8.3031620e-05
       736.20638   8.2990322e-05
       737.01565   8.2876861e-05
       737.82492   8.2773513e-05
       738.63419   8.2710954e-05
       739.44347   8.2601306e-05
       740.25274   8.2561659e-05
       741.06201   8.2443228e-05
       741.87128   8.2399616e-05
       742.68056   8.2371938e-05
       743.48983   8.2302307e-05
       744.29910   8.2258492e-05
       745.10837   8.2217448e-05
       745.91765   8.2166400e-05
       746.72692   8.2134480e-05
       747.53619   8.2099039e-05
       748.34546   8.2071856e-05
       749.15474   8.2053011e-05
       749.96401   8.2039973e-05
       750.77328   8.2002291e-05
       751.58255   8.1998034e-05
       752.39182   8.1970204e-05
       753.20110   8.1938502e-05
       754.01037   8.1927654e-05
       754.81964   8.1913604e-05
       755.62891   8.1893122e-05
       756.43819   8.1876555e-05
       757.24746   8.1847844e-05
       758.05673   8.1821076e-05
       758.86600   8.1795210e-05
       759.67528   8.1767648e-05
       760.48455   8.1761777e-05
       761.29382   8.1713770e-05
       762.10309   8.1699378e-05
       762.91237   8.1631428e-05
       763.72164   8.1538084e-05
       764.53091   8.1508202e-05
       765.34018   8.1437582e-05
       766.14946   8.1349215e-05
       766.95873   8.1263432e-05
       767.76800   8.1182479e-05
       768.57727   8.1148028e-05
       769.38655   8.1085345e-05
       770.19582   8.0941492e-05
       771.00509   8.0908474e-05
       771.81436   8.0812162e-05
       772.62364   8.0760568e-05
       773.43291   8.0674610e-05
       774.24218   8.0603677e-05
       775.05145   8.0531296e-05
       775.86073   8.0412974e-05
       776.67000   8.0364480e-05
       777.47927   8.0275080e-05
       778.28854   8.0242433e-05
       779.09782   8.0155405e-05
       779.90709   8.0090365e-05
       780.71636   8.0007798e-05
       781.52563   7.9940306e-05
       782.33491   7.9849859e-05
       783.14418   7.9784491e-05
       783.95345   7.9704158e-05
       784.76272   7.9614430e-05
       785.57200   7.9569239e-05
       786.38127   7.9447105e-05
       787.19054   7.9410602e-05
       787.99981   7.9298508e-05
       788.80909   7.9228637e-05
       789.61836   7.9183366e-05
       790.42763   7.9078731e-05
       791.23690   7.9033191e-05
       792.04618   7.8919402e-05
       792.85545   7.8879610e-05
       793.66472   7.8790552e-05
       794.47399   7.8716337e-05
       795.28327   7.8597215e-05
       796.09254   7.8552039e-05
       796.90181   7.8463971e-05
       797.71108   7.8389028e-05
       798.52036   7.8281279e-05
       799.32963   7.8238641e-05
       800.13890   7.8128985e-05
       800.94817   7.8060701e-05
       801.75745   7.8025783e-05
       802.56672   7.7910299e-05
       803.37599   7.7857760e-05
       804.18526   7.7839926e-05
       804.99453   7.7760087e-05
       805.80381   7.7711804e-05
       806.61308   7.7650431e-05
       807.42235   7.7617966e-05
       808.23162   7.7600409e-05
       809.04090   7.7550540e-05
       809.85017   7.7538272e-05
       810.65944   7.7498051e-05
       811.46871   7.7486882e-05
       812.27799   7.7481520e-05
       813.08726   7.7480414e-05
       813.89653   7.7482051e-05
       814.70580   7.7501951e-05
       815.51508   7.7512428e-05
       816.32435   7.7556535e-05
       817.13362   7.7588811e-05
       817.94289   7.7653065e-05
       818.75217   7.7769604e-05
       819.56144   7.7853576e-05
       820.37071   7.7953642e-05
       821.17998   7.8030658e-05
       821.98926   7.8143814e-05
       822.79853   7.8267592e-05
       823.60780   7.8382720e-05
       824.41707   7.8458295e-05
       825.22635   7.8664860e-05
       826.03562   7.8751895e-05
       826.84489   7.8846533e-05
       827.65416   7.9099169e-05
       828.46344   7.9195423e-05
       829.27271   7.9301841e-05
       830.08198   7.9417317e-05
       830.89125   7.9672900e-05
       831.70053   7.9752412e-05
       832.50980   7.9902326e-05
       833.31907   8.0093712e-05
       834.12834   8.0257953e-05
       834.93762   8.0324629e-05
       835.74689   8.0475882e-05
       836.55616   8.0683400e-05
       837.36543   8.0854894e-05
       838.17471   8.0971571e-05
       838.98398   8.1074511e-05
       839.79325   8.1202234e-05
       840.60252   8.1338410e-05
       841.41180   8.1398794e-05
       842.22107   8.1535218e-05
       843.03034   8.1548162e-05
       843.83961   8.1704980e-05
       844.64889   8.1706115e-05
       845.45816   8.1693950e-05
       846.26743   8.1679711e-05
       847.07670   8.1654012e-05
       847.88598   8.1646918e-05
       848.69525   8.1589111e-05
       849.50452   8.1542996e-05
       850.31379   8.1477068e-05
       851.12307   8.1442391e-05
       851.93234   8.1390230e-05
       852.74161   8.1326318e-05
       853.55088   8.1242499e-05
       854.36016   8.1180959e-05
       855.16943   8.1141916e-05
       855.97870   8.1078942e-05
       856.78797   8.1034392e-05
       857.59724   8.0977188e-05
       858.40652   8.0929298e-05
       859.21579   8.0850179e-05
       860.02506   8.0839432e-05
       860.83433   8.0787067e-05
       861.64361   8.0758517e-05
       862.45288   8.0716905e-05
       863.26215   8.0704187e-05
       864.07142   8.0687678e-05
       864.88070   8.0687780e-05
       865.68997   8.0696867e-05
       866.49924   8.0729253e-05
       867.30851   8.0750164e-05
       868.11779   8.0786900e-05
       868.92706   8.0864200e-05
       869.73633   8.0923062e-05
       870.54560   8.1048485e-05
       871.35488   8.1210623e-05
       872.16415   8.1301747e-05
       872.97342   8.1429258e-05
       873.78269   8.1730839e-05
       874.59197   8.1873150e-05
       875.40124   8.2193677e-05
       876.21051   8.2400322e-05
       877.01978   8.2868173e-05
       877.82906   8.3051309e-05
       878.63833   8.3435189e-05
       879.44760   8.3456311e-05
       880.25687   8.3863168e-05
       881.06615   8.4153005e-05
       881.87542   8.4381150e-05
       882.68469   8.4972853e-05
       883.49396   8.5119711e-05
       884.30324   8.5642081e-05
       885.11251   8.5714120e-05
       885.92178   8.6161766e-05
       886.73105   8.6637090e-05
       887.54033   8.7048356e-05
       888.34960   8.7221772e-05
       889.15887   8.7433640e-05
       889.96814   8.7824919e-05
       890.77742   8.8398308e-05
       891.58669   8.8728731e-05
       892.39596   8.9027708e-05
       893.20523   8.9340414e-05
       894.01451   8.9423607e-05
       894.82378   9.0003690e-05
       895.63305   9.0193549e-05
       896.44232   9.0561261e-05
       897.25160   9.0754038e-05
       898.06087   9.0978523e-05
       898.87014   9.1317983e-05
       899.67941   9.1382404e-05
       900.48869   9.1653317e-05
       901.29796   9.1820068e-05
       902.10723   9.2068898e-05
       902.91650   9.2232811e-05
       903.72578   9.2279450e-05
       904.53505   9.2471149e-05
       905.34432   9.2594084e-05
       906.15359   9.2803843e-05
       906.96286   9.2891685e-05
       907.77214   9.3047558e-05
       908.58141   9.3128518e-05
       909.39068   9.3355098e-05
       910.19995   9.3389703e-05
       911.00923   9.3629715e-05
       911.81850   9.3734256e-05
       912.62777   9.3807779e-05
       913.43704   9.3912502e-05
       914.24632   9.4109622e-05
       915.05559   9.4166862e-05
       915.86486   9.4281742e-05
       916.67413   9.4409472e-05
       917.48341   9.4560652e-05
       918.29268   9.4577656e-05
       919.10195   9.4718431e-05
       919.91122   9.4871524e-05
       920.72050   9.4932475e-05
       921.52977   9.5070674e-05
       922.33904   9.5291856e-05
       923.14831   9.5379975e-05
       923.95759   9.5529118e-05
       924.76686   9.5683761e-05
       925.57613   9.5746989e-05
       926.38540   9.6127420e-05
       927.19468   9.6302698e-05
       928.00395   9.6642521e-05
       928.81322   9.6791016e-05
       929.62249   9.6996380e-05
       930.43177   9.7273398e-05
       931.24104   9.7548473e-05
       932.05031   9.8016208e-05
       932.85958   9.8178090e-05
       933.66886   9.8316130e-05
       934.47813   9.8767385e-05
       935.28740   9.8841381e-05
       936.09667   9.9285135e-05
       936.90595   9.9534111e-05
       937.71522   9.9597310e-05
       938.52449   9.9797959e-05
       939.33376   0.00010011327
       940.14304   0.00010036352
       940.95231   0.00010049819
       941.76158   0.00010071049
       942.57085   0.00010085825
       943.38013   0.00010104679
       944.18940   0.00010120827
       944.99867   0.00010136412
       945.80794   0.00010140455
       946.61722   0.00010152917
       947.42649   0.00010159500
       948.23576   0.00010162264
       949.04503   0.00010164519
       949.85431   0.00010164546
       950.66358   0.00010161868
       951.47285   0.00010155618
       952.28212   0.00010143838
       953.09140   0.00010116695
       953.90067   0.00010098212
       954.70994   0.00010074933
       955.51921   0.00010055421
       956.32849   0.00010025901
       957.13776   9.9917976e-05
       957.94703   9.9747362e-05
       958.75630   9.9463461e-05
       959.56557   9.8983655e-05
       960.37485   9.8798919e-05
       961.18412   9.8230332e-05
       961.99339   9.7666591e-05
       962.80266   9.7343000e-05
       963.61194   9.6998388e-05
       964.42121   9.6589829e-05
       965.23048   9.6395241e-05
       966.03975   9.5935233e-05
       966.84903   9.5228061e-05
       967.65830   9.4793199e-05
       968.46757   9.4502939e-05
       969.27684   9.3738992e-05
       970.08612   9.3450835e-05
       970.89539   9.2909380e-05
       971.70466   9.2496666e-05
       972.51393   9.2013965e-05
       973.32321   9.1815353e-05
       974.13248   9.1366885e-05
       974.94175   9.0953930e-05
       975.75102   9.0569672e-05
       976.56030   9.0251175e-05
       977.36957   8.9832720e-05
       978.17884   8.9518027e-05
       978.98811   8.9326779e-05
       979.79739   8.9024696e-05
       980.60666   8.8900291e-05
       981.41593   8.8646841e-05
       982.22520   8.8494409e-05
       983.03448   8.8246932e-05
       983.84375   8.8168286e-05
       984.65302   8.7884422e-05
       985.46229   8.7796900e-05
       986.27157   8.7662047e-05
       987.08084   8.7517088e-05
       987.89011   8.7434652e-05
       988.69938   8.7214001e-05
       989.50866   8.7067761e-05
       990.31793   8.7020038e-05
       991.12720   8.6849897e-05
       991.93647   8.6786669e-05
       992.74575   8.6694679e-05
       993.55502   8.6483815e-05
       994.36429   8.6428670e-05
       995.17356   8.6242682e-05
       995.98284   8.6206353e-05
       996.79211   8.6077824e-05
       997.60138   8.5957188e-05
       998.41065   8.5725740e-05
       999.21993   8.5680738e-05
       1000.0292   8.5487009e-05
       1000.8385   8.5359476e-05
       1001.6477   8.5244326e-05
       1002.4570   8.5031315e-05
       1003.2663   8.4808729e-05
       1004.0756   8.4550520e-05
       1004.8848   8.4428102e-05
       1005.6941   8.4082654e-05
       1006.5034   8.3891340e-05
       1007.3127   8.3648032e-05
       1008.1219   8.3532635e-05
       1008.9312   8.3030616e-05
       1009.7405   8.2748476e-05
       1010.5497   8.2649429e-05
       1011.3590   8.2267085e-05
       1012.1683   8.2001890e-05
       1012.9776   8.1623977e-05
       1013.7868   8.1447230e-05
       1014.5961   8.1181228e-05
       1015.4054   8.0656588e-05
       1016.2146   8.0486941e-05
       1017.0239   8.0174264e-05
       1017.8332   7.9826008e-05
       1018.6425   7.9336300e-05
       1019.4517   7.9223239e-05
       1020.2610   7.8649522e-05
       1021.0703   7.8494559e-05
       1021.8796   7.8206351e-05
       1022.6888   7.7871620e-05
       1023.4981   7.7449076e-05
       1024.3074   7.6981596e-05
       1025.1166   7.6567296e-05
       1025.9259   7.6377080e-05
       1026.7352   7.5959804e-05
       1027.5445   7.5685442e-05
       1028.3537   7.5364784e-05
       1029.1630   7.4796095e-05
       1029.9723   7.4742420e-05
       1030.7816   7.4210802e-05
       1031.5908   7.3795876e-05
       1032.4001   7.3607560e-05
       1033.2094   7.3222916e-05
       1034.0186   7.2848001e-05
       1034.8279   7.2352421e-05
       1035.6372   7.2231189e-05
       1036.4465   7.1881070e-05
       1037.2557   7.1501890e-05
       1038.0650   7.1120325e-05
       1038.8743   7.0596747e-05
       1039.6835   7.0455630e-05
       1040.4928   7.0099763e-05
       1041.3021   6.9708840e-05
       1042.1114   6.9494061e-05
       1042.9206   6.9101152e-05
       1043.7299   6.8531117e-05
       1044.5392   6.8366040e-05
       1045.3485   6.7961031e-05
       1046.1577   6.7710978e-05
       1046.9670   6.7218141e-05
       1047.7763   6.6797533e-05
       1048.5855   6.6703549e-05
       1049.3948   6.6212961e-05
       1050.2041   6.5816865e-05
       1051.0134   6.5700886e-05
       1051.8226   6.5167304e-05
       1052.6319   6.4911408e-05
       1053.4412   6.4807071e-05
       1054.2505   6.4485255e-05
       1055.0597   6.4218140e-05
       1055.8690   6.3802472e-05
       1056.6783   6.3464598e-05
       1057.4875   6.3157247e-05
       1058.2968   6.2983840e-05
       1059.1061   6.2787971e-05
       1059.9154   6.2469298e-05
       1060.7246   6.2134248e-05
       1061.5339   6.1925180e-05
       1062.3432   6.1747167e-05
       1063.1524   6.1287348e-05
       1063.9617   6.1083236e-05
       1064.7710   6.0893643e-05
       1065.5803   6.0726397e-05
       1066.3895   6.0453309e-05
       1067.1988   6.0238151e-05
       1068.0081   6.0113947e-05
       1068.8174   5.9889222e-05
       1069.6266   5.9505499e-05
       1070.4359   5.9391248e-05
       1071.2452   5.9108286e-05
       1072.0544   5.8846170e-05
       1072.8637   5.8678841e-05
       1073.6730   5.8507878e-05
       1074.4823   5.8395523e-05
       1075.2915   5.8182799e-05
       1076.1008   5.7898469e-05
       1076.9101   5.7764792e-05
       1077.7194   5.7471003e-05
       1078.5286   5.7268076e-05
       1079.3379   5.7058929e-05
       1080.1472   5.6968212e-05
       1080.9564   5.6701989e-05
       1081.7657   5.6463807e-05
       1082.5750   5.6228419e-05
       1083.3843   5.6132572e-05
       1084.1935   5.5842440e-05
       1085.0028   5.5702840e-05
       1085.8121   5.5489862e-05
       1086.6214   5.5249606e-05
       1087.4306   5.5130662e-05
       1088.2399   5.4955519e-05
       1089.0492   5.4780980e-05
       1089.8584   5.4522170e-05
       1090.6677   5.4281772e-05
       1091.4770   5.4153417e-05
       1092.2863   5.3914486e-05
       1093.0955   5.3724332e-05
       1093.9048   5.3473508e-05
       1094.7141   5.3354208e-05
       1095.5233   5.3049738e-05
       1096.3326   5.2832384e-05
       1097.1419   5.2786552e-05
       1097.9512   5.2465333e-05
       1098.7604   5.2300380e-05
       1099.5697   5.2087438e-05
       1100.3790   5.1861913e-05
       1101.1883   5.1721148e-05
       1101.9975   5.1490038e-05
       1102.8068   5.1282816e-05
       1103.6161   5.1209212e-05
       1104.4253   5.1027979e-05
       1105.2346   5.0764782e-05
       1106.0439   5.0639803e-05
       1106.8532   5.0382234e-05
       1107.6624   5.0149261e-05
       1108.4717   4.9882121e-05
       1109.2810   4.9755461e-05
       1110.0903   4.9571019e-05
       1110.8995   4.9284183e-05
       1111.7088   4.9036418e-05
       1112.5181   4.8817161e-05
       1113.3273   4.8599512e-05
       1114.1366   4.8379650e-05
       1114.9459   4.8296319e-05
       1115.7552   4.8044771e-05
       1116.5644   4.7776262e-05
       1117.3737   4.7646070e-05
       1118.1830   4.7376030e-05
       1118.9922   4.7252812e-05
       1119.8015   4.6982481e-05
       1120.6108   4.6781923e-05
       1121.4201   4.6623518e-05
       1122.2293   4.6256599e-05
       1123.0386   4.6150948e-05
       1123.8479   4.5933539e-05
       1124.6572   4.5676170e-05
       1125.4664   4.5525529e-05
       1126.2757   4.5265639e-05
       1127.0850   4.5004388e-05
       1127.8942   4.4875480e-05
       1128.7035   4.4704058e-05
       1129.5128   4.4525717e-05
       1130.3221   4.4217581e-05
       1131.1313   4.4001881e-05
       1131.9406   4.3822529e-05
       1132.7499   4.3773933e-05
       1133.5592   4.3461619e-05
       1134.3684   4.3346350e-05
       1135.1777   4.3135311e-05
       1135.9870   4.2988551e-05
       1136.7962   4.2878091e-05
       1137.6055   4.2673902e-05
       1138.4148   4.2543030e-05
       1139.2241   4.2414253e-05
       1140.0333   4.2285203e-05
       1140.8426   4.2120409e-05
       1141.6519   4.1929128e-05
       1142.4612   4.1861720e-05
       1143.2704   4.1720210e-05
       1144.0797   4.1584208e-05
       1144.8890   4.1410171e-05
       1145.6982   4.1284311e-05
       1146.5075   4.1092029e-05
       1147.3168   4.0933919e-05
       1148.1261   4.0853352e-05
       1148.9353   4.0727438e-05
       1149.7446   4.0629951e-05
       1150.5539   4.0401570e-05
       1151.3631   4.0318660e-05
       1152.1724   4.0243398e-05
       1152.9817   4.0072191e-05
       1153.7910   3.9905412e-05
       1154.6002   3.9763672e-05
       1155.4095   3.9690800e-05
       1156.2188   3.9538700e-05
       1157.0281   3.9331680e-05
       1157.8373   3.9254119e-05
       1158.6466   3.9054998e-05
       1159.4559   3.8911039e-05
       1160.2651   3.8801722e-05
       1161.0744   3.8586080e-05
       1161.8837   3.8453531e-05
       1162.6930   3.8200847e-05
       1163.5022   3.7968843e-05
       1164.3115   3.7800928e-05
       1165.1208   3.7582839e-05
       1165.9301   3.7333139e-05
       1166.7393   3.7136761e-05
       1167.5486   3.7057547e-05
       1168.3579   3.6826103e-05
       1169.1671   3.6641450e-05
       1169.9764   3.6451711e-05
       1170.7857   3.6082773e-05
       1171.5950   3.5947392e-05
       1172.4042   3.5760509e-05
       1173.2135   3.5556732e-05
       1174.0228   3.5317953e-05
       1174.8320   3.5216719e-05
       1175.6413   3.4960027e-05
       1176.4506   3.4751189e-05
       1177.2599   3.4567158e-05
       1178.0691   3.4325320e-05
       1178.8784   3.4103141e-05
       1179.6877   3.3948971e-05
       1180.4970   3.3872391e-05
       1181.3062   3.3697270e-05
       1182.1155   3.3484310e-05
       1182.9248   3.3294469e-05
       1183.7340   3.3183118e-05
       1184.5433   3.3001670e-05
       1185.3526   3.2920791e-05
       1186.1619   3.2777989e-05
       1186.9711   3.2661457e-05
       1187.7804   3.2609842e-05
       1188.5897   3.2484539e-05
       1189.3990   3.2385589e-05
       1190.2082   3.2342581e-05
       1191.0175   3.2245807e-05
       1191.8268   3.2192813e-05
       1192.6360   3.2103380e-05
       1193.4453   3.2014839e-05
       1194.2546   3.1950909e-05
       1195.0639   3.1905729e-05
       1195.8731   3.1860021e-05
       1196.6824   3.1822139e-05
       1197.4917   3.1775533e-05
       1198.3010   3.1759850e-05
       1199.1102   3.1699739e-05
       1199.9195   3.1694239e-05
       1200.7288   3.1665091e-05
       1201.5380   3.1614323e-05
       1202.3473   3.1600091e-05
       1203.1566   3.1563948e-05
       1203.9659   3.1548352e-05
       1204.7751   3.1521060e-05
       1205.5844   3.1501149e-05
       1206.3937   3.1473999e-05
       1207.2029   3.1468160e-05
       1208.0122   3.1434462e-05
       1208.8215   3.1420859e-05
       1209.6308   3.1395339e-05
       1210.4400   3.1381322e-05
       1211.2493   3.1357707e-05
       1212.0586   3.1339809e-05
       1212.8679   3.1318028e-05
       1213.6771   3.1315380e-05
       1214.4864   3.1297048e-05
       1215.2957   3.1291711e-05
       1216.1049   3.1276180e-05
       1216.9142   3.1265590e-05
       1217.7235   3.1262960e-05
       1218.5328   3.1249700e-05
       1219.3420   3.1243988e-05
       1220.1513   3.1227439e-05
       1220.9606   3.1216277e-05
       1221.7699   3.1207452e-05
       1222.5791   3.1182590e-05
       1223.3884   3.1165349e-05
       1224.1977   3.1132451e-05
       1225.0069   3.1106902e-05
       1225.8162   3.1086533e-05
       1226.6255   3.1042549e-05
       1227.4348   3.1006879e-05
       1228.2440   3.0994888e-05
       1229.0533   3.0919098e-05
       1229.8626   3.0860891e-05
       1230.6718   3.0806572e-05
       1231.4811   3.0770490e-05
       1232.2904   3.0703410e-05
       1233.0997   3.0623039e-05
       1233.9089   3.0481418e-05
       1234.7182   3.0402431e-05
       1235.5275   3.0365471e-05
       1236.3368   3.0213971e-05
       1237.1460   3.0033001e-05
       1237.9553   2.9952049e-05
       1238.7646   2.9790679e-05
       1239.5738   2.9658202e-05
       1240.3831   2.9504901e-05
       1241.1924   2.9413030e-05
       1242.0017   2.9258170e-05
       1242.8109   2.8990191e-05
       1243.6202   2.8890308e-05
       1244.4295   2.8605980e-05
       1245.2388   2.8365621e-05
       1246.0480   2.8335649e-05
       1246.8573   2.8062550e-05
       1247.6666   2.7856689e-05
       1248.4758   2.7636259e-05
       1249.2851   2.7431390e-05
       1250.0944   2.7193260e-05
       1250.9037   2.6909229e-05
       1251.7129   2.6742151e-05
       1252.5222   2.6384041e-05
       1253.3315   2.6287180e-05
       1254.1408   2.6022632e-05
       1254.9500   2.5640109e-05
       1255.7593   2.5555721e-05
       1256.5686   2.5191841e-05
       1257.3778   2.4949220e-05
       1258.1871   2.4596800e-05
       1258.9964   2.4438759e-05
       1259.8057   2.4245450e-05
       1260.6149   2.3953869e-05
       1261.4242   2.3596289e-05
       1262.2335   2.3406281e-05
       1263.0427   2.3217561e-05
       1263.8520   2.2798111e-05
       1264.6613   2.2509970e-05
       1265.4706   2.2274320e-05
       1266.2798   2.2145370e-05
       1267.0891   2.1927230e-05
       1267.8984   2.1669490e-05