       372.16101  0.000238493
       372.97028  0.000238937
       373.77956  0.000239239
       374.58883  0.000239588
       375.39810  0.000239905
       376.20737  0.000240444
       377.01665  0.000240698
       377.82592  0.000241163
       378.63519  0.000241706
       379.44446  0.000242172
       380.25374  0.000242390
       381.06301  0.000242901
       381.87228  0.000243406
       382.68155  0.000243800
       383.49083  0.000244259
       384.30010  0.000244740
       385.10937  0.000245178
       385.91864  0.000245692
       386.72792  0.000246217
       387.53719  0.000246580
       388.34646  0.000246910
       389.15573  0.000247246
       389.96501  0.000247868
       390.77428  0.000248270
       391.58355  0.000248503
       392.39282  0.000248816
       393.20210  0.000249158
       394.01137  0.000249578
       394.82064  0.000249843
       395.62991  0.000250218
       396.43919  0.000250352
       397.24846  0.000250622
       398.05773  0.000250761
       398.86700  0.000250927
       399.67628  0.000251093
       400.48555  0.000251196
       401.29482  0.000251295
       402.10409  0.000251343
       402.91337  0.000251341
       403.72264  0.000251280
       404.53191  0.000251214
       405.34118  0.000251105
       406.15046  0.000250909
       406.95973  0.000250791
       407.76900  0.000250528
       408.57827  0.000250279
       409.38755  0.000249715
       410.19682  0.000249474
       411.00609  0.000249140
       411.81536  0.000248682
       412.62464  0.000248168
       413.43391  0.000247642
       414.24318  0.000247226
       415.05245  0.000246532
       415.86173  0.000246019
       416.67100  0.000245470
       417.48027  0.000244817
       418.28954  0.000244250
       419.09882  0.000243451
       419.90809  0.000242759
       420.71736  0.000242106
       421.52663  0.000241295
       422.33591  0.000240638
       423.14518  0.000240082
       423.95445  0.000239393
       424.76372  0.000238427
       425.57300  0.000237972
       426.38227  0.000237142
       427.19154  0.000236420
       428.00081  0.000235648
       428.81009  0.000234814
       429.61936  0.000234409
       430.42863  0.000233665
       431.23790  0.000233241
       432.04718  0.000232416
       432.85645  0.000231969
       433.66572  0.000231326
       434.47499  0.000230692
       435.28427  0.000230019
       436.09354  0.000229471
       436.90281  0.000228649
       437.71209  0.000228301
       438.52136  0.000227648
       439.33063  0.000226863
       440.13990  0.000226323
       440.94918  0.000225893
       441.75845  0.000225114
       442.56772  0.000224627
       443.37699  0.000223834
       444.18627  0.000223143
       444.99554  0.000222529
       445.80481  0.000222047
       446.61408  0.000221455
       447.42336  0.000220815
       448.23263  0.000219899
       449.04190  0.000219542
       449.85117  0.000218765
       450.66045  0.000218227
       451.46972  0.000217767
       452.27899  0.000216865
       453.08826  0.000215840
       453.89754  0.000215316
       454.70681  0.000214670
       455.51608  0.000213631
       456.32535  0.000212872
       457.13463  0.000211987
       457.94390  0.000211100
       458.75317  0.000210595
       459.56244  0.000209551
       460.37172  0.000208940
       461.18099  0.000208214
       461.99026  0.000207290
       462.79953  0.000206421
       463.60881  0.000206064
       464.41808  0.000205173
       465.22735  0.000204374
       466.03662  0.000203920
       466.84590  0.000203286
       467.65517  0.000202639
       468.46444  0.000201958
       469.27371  0.000201447
       470.08299  0.000200918
       470.89226  0.000200465
       471.70153  0.000199977
       472.51080  0.000199598
       473.32008  0.000199200
       474.12935  0.000198920
       474.93862  0.000198782
       475.74789  0.000198670
       476.55717  0.000198585
       477.36644  0.000198575
       478.17571  0.000198596
       478.98498  0.000198675
       479.79426  0.000198809
       480.60353  0.000199012
       481.41280  0.000199161
       482.22207  0.000199373
       483.03135  0.000199726
       483.84062  0.000199966
       484.64989  0.000200345
       485.45916  0.000200643
       486.26844  0.000200991
       487.07771  0.000201377
       487.88698  0.000201669
       488.69625  0.000202063
       489.50553  0.000202413
       490.31480  0.000202954
       491.12407  0.000203278
       491.93334  0.000203708
       492.74262  0.000204060
       493.55189  0.000204554
       494.36116  0.000204854
       495.17043  0.000205132
       495.97971  0.000205617
       496.78898  0.000205945
       497.59825  0.000206253
       498.40752  0.000206638
       499.21680  0.000206920
       500.02607  0.000207298
       500.83534  0.000207699
       501.64461  0.000208088
       502.45389  0.000208345
       503.26316  0.000208624
       504.07243  0.000209005
       504.88170  0.000209306
       505.69098  0.000209657
       506.50025  0.000209952
       507.30952  0.000210252
       508.11879  0.000210445
       508.92807  0.000210627
       509.73734  0.000210851
       510.54661  0.000211078
       511.35588  0.000211232
       512.16516  0.000211292
       512.97443  0.000211399
       513.78370  0.000211429
       514.59297  0.000211429
       515.40225  0.000211395
       516.21152  0.000211322
       517.02079  0.000211146
       517.83006  0.000210923
       518.63934  0.000210770
       519.44861  0.000210545
       520.25788  0.000210170
       521.06715  0.000209509
       521.87643  0.000208691
       522.68570  0.000208232
       523.49497  0.000207598
       524.30424  0.000206721
       525.11352  0.000206165
       525.92279  0.000205294
       526.73206  0.000204355
       527.54133  0.000203326
       528.35061  0.000202488
       529.15988  0.000201633
       529.96915  0.000200511
       530.77842  0.000199702
       531.58770  0.000198870
       532.39697  0.000197752
       533.20624  0.000196966
       534.01551  0.000196141
       534.82479  0.000195148
       535.63406  0.000194276
       536.44333  0.000193475
       537.25260  0.000192589
       538.06188  0.000191627
       538.87115  0.000190854
       539.68042  0.000190073
       540.48970  0.000189024
       541.29897  0.000188279
       542.10824  0.000187514
       542.91751  0.000186485
       543.72679  0.000185750
       544.53606  0.000184987
       545.34533  0.000184077
       546.15460  0.000183296
       546.96388  0.000182870
       547.77315  0.000182463
       548.58242  0.000182030
       549.39169  0.000181712
       550.20097  0.000181512
       551.01024  0.000181326
       551.81951  0.000181035
       552.62878  0.000180741
       553.43806  0.000180462
       554.24733  0.000180301
       555.05660  0.000180010
       555.86587  0.000179817
       556.67515  0.000179553
       557.48442  0.000179362
       558.29369  0.000179230
       559.10296  0.000178973
       559.91224  0.000178698
       560.72151  0.000178531
       561.53078  0.000178151
       562.34005  0.000177934
       563.14933  0.000177645
       563.95860  0.000177456
       564.76787  0.000177040
       565.57714  0.000176696
       566.38642  0.000176028
       567.19569  0.000175431
       568.00496  0.000175262
       568.81423  0.000174588
       569.62351  0.000174055
       570.43278  0.000173502
       571.24205  0.000172885
       572.05132  0.000172429
       572.86060  0.000171755
       573.66987  0.000171109
       574.47914  0.000170365
       575.28841  0.000169799
       576.09769  0.000169401
       576.90696  0.000168784
       577.71623  0.000168128
       578.52550  0.000167645
       579.33478  0.000166980
       580.14405  0.000166522
       580.95332  0.000166103
       581.76259  0.000165296
       582.57187  0.000164871
       583.38114  0.000164397
       584.19041  0.000163958
       584.99968  0.000163505
       585.80896  0.000163127
       586.61823  0.000162698
       587.42750  0.000162485
       588.23677  0.000162141
       589.04605  0.000161952
       589.85532  0.000161692
       590.66459  0.000161518
       591.47386  0.000161302
       592.28314  0.000161109
       593.09241  0.000160947
       593.90168  0.000160866
       594.71095  0.000160715
       595.52023  0.000160611
       596.32950  0.000160494
       597.13877  0.000160410
       597.94804  0.000160330
       598.75732  0.000160274
       599.56659  0.000160237
       600.37586  0.000160160
       601.18513  0.000160132
       601.99441  0.000160059
       602.80368  0.000160018
       603.61295  0.000159983
       604.42222  0.000159935
       605.23150  0.000159880
       606.04077  0.000159813
       606.85004  0.000159750
       607.65931  0.000159698
       608.46859  0.000159632
       609.27786  0.000159573
       610.08713  0.000159414
       610.89640  0.000159232
       611.70568  0.000159109
       612.51495  0.000158907
       613.32422  0.000158698
       614.13349  0.000158534
       614.94277  0.000158416
       615.75204  0.000158124
       616.56131  0.000158001
       617.37058  0.000157798
       618.17986  0.000157631
       618.98913  0.000157446
       619.79840  0.000157259
       620.60767  0.000157021
       621.41695  0.000156853
       622.22622  0.000156731
       623.03549  0.000156538
       623.84476  0.000156366
       624.65404  0.000156183
       625.46331  0.000155979
       626.27258  0.000155809
       627.08185  0.000155606
       627.89113  0.000155442
       628.70040  0.000155200
       629.50967  0.000155071
       630.31894  0.000154829
       631.12822  0.000154688
       631.93749  0.000154476
       632.74676  0.000154334
       633.55603  0.000154110
       634.36531  0.000153953
       635.17458  0.000153761
       635.98385  0.000153499
       636.79312  0.000153357
       637.60240  0.000153158
       638.41167  0.000152919
       639.22094  0.000152783
       640.03022  0.000152546
       640.83949  0.000152420
       641.64876  0.000152197
       642.45803  0.000152062
       643.26731  0.000151973
       644.07658  0.000151816
       644.88585  0.000151676
       645.69512  0.000151593
       646.50440  0.000151527
       647.31367  0.000151451
       648.12294  0.000151373
       648.93221  0.000151340
       649.74149  0.000151330
       650.55076  0.000151331
       651.36003  0.000151366
       652.16930  0.000151402
       652.97858  0.000151501
       653.78785  0.000151619
       654.59712  0.000151865
       655.40639  0.000152082
       656.21567  0.000152310
       657.02494  0.000152542
       657.83421  0.000152836
       658.64348  0.000153110
       659.45276  0.000153390
       660.26203  0.000153749
       661.07130  0.000153974
       661.88057  0.000154514
       662.68985  0.000154756
       663.49912  0.000155027
       664.30839  0.000155549
       665.11766  0.000155803
       665.92694  0.000156199
       666.73621  0.000156634
       667.54548  0.000156868
       668.35475  0.000157230
       669.16403  0.000157710
       669.97330  0.000158062
       670.78257  0.000158324
       671.59184  0.000158631
       672.40112  0.000158908
       673.21039  0.000159149
       674.01966  0.000159271
       674.82893  0.000159580
       675.63821  0.000159573
       676.44748  0.000159541
       677.25675  0.000159487
       678.06602  0.000159453
       678.87530  0.000159320
       679.68457  0.000159183
       680.49384  0.000159076
       681.30311  0.000158950
       682.11239  0.000158779
       682.92166  0.000158602
       683.73093  0.000158490
       684.54020  0.000158346
       685.34948  0.000158228
       686.15875  0.000158100
       686.96802  0.000157930
       687.77729  0.000157877
       688.58657  0.000157766
       689.39584  0.000157681
       690.20511  0.000157628
       691.01438  0.000157593
       691.82366  0.000157600
       692.63293  0.000157651
       693.44220  0.000157710
       694.25147  0.000157806
       695.06075  0.000157981
       695.87002  0.000158206
       696.67929  0.000158575
       697.48856  0.000158824
       698.29784  0.000159262
       699.10711  0.000159804
       699.91638  0.000160456
       700.72565  0.000161052
       701.53493  0.000161986
       702.34420  0.000162678
       703.15347  0.000162995
       703.96274  0.000163866
       704.77202  0.000164528
       705.58129  0.000165529
       706.39056  0.000166214
       707.19983  0.000167287
       708.00911  0.000167738
       708.81838  0.000168865
       709.62765  0.000169916
       710.43692  0.000170407
       711.24620  0.000171055
       712.05547  0.000172233
       712.86474  0.000173218
       713.67401  0.000173959
       714.48329  0.000174554
       715.29256  0.000175364
       716.10183  0.000176113
       716.91110  0.000176925
       717.72038  0.000177418
       718.52965  0.000178107
       719.33892  0.000178466
       720.14819  0.000179051
       720.95747  0.000179518
       721.76674  0.000180022
       722.57601  0.000180222
       723.38528  0.000180638
       724.19456  0.000181001
       725.00383  0.000181365
       725.81310  0.000181695
       726.62237  0.000181947
       727.43165  0.000182360
       728.24092  0.000182695
       729.05019  0.000183049
       729.85946  0.000183244
       730.66874  0.000183567
       731.47801  0.000183878
       732.28728  0.000184116
       733.09655  0.000184430
       733.90583  0.000184701
       734.71510  0.000184894
       735.52437  0.000185259
       736.33364  0.000185449
       737.14292  0.000185847
       737.95219  0.000186224
       738.76146  0.000186544
       739.57073  0.000186898
       740.38001  0.000187284
       741.18928  0.000187963
       741.99855  0.000188672
       742.80783  0.000189095
       743.61710  0.000189649
       744.42637  0.000190323
       745.23564  0.000191324
       746.04492  0.000191788
       746.85419  0.000192354
       747.66346  0.000192995
       748.47273  0.000193808
       749.28201  0.000194418
       750.09128  0.000194673
       750.90055  0.000195303
       751.70982  0.000195961
       752.51910  0.000196337
       753.32837  0.000196808
       754.13764  0.000197219
       754.94691  0.000197633
       755.75619  0.000197987
       756.56546  0.000198147
       757.37473  0.000198380
       758.18400  0.000198475
       758.99328  0.000198526
       759.80255  0.000198507
       760.61182  0.000198398
       761.42109  0.000198151
       762.23037  0.000197547
       763.03964  0.000197060
       763.84891  0.000196538
       764.65818  0.000195890
       765.46746  0.000195111
       766.27673  0.000194611
       767.08600  0.000193974
       767.89527  0.000193488
       768.70455  0.000192767
       769.51382  0.000192102
       770.32309  0.000191540
       771.13236  0.000190959
       771.94164  0.000190440
       772.75091  0.000189699
       773.56018  0.000189156
       774.36945  0.000188529
       775.17873  0.000188023
       775.98800  0.000187451
       776.79727  0.000186695
       777.60654  0.000186243
       778.41582  0.000185619
       779.22509  0.000185148
       780.03436  0.000184524
       780.84363  0.000183825
       781.65291  0.000183346
       782.46218  0.000182769
       783.27145  0.000182310
       784.08072  0.000181629
       784.89000  0.000181046
       785.69927  0.000180510
       786.50854  0.000179994
       787.31781  0.000179489
       788.12709  0.000178794
       788.93636  0.000178323
       789.74563  0.000177737
       790.55490  0.000177281
       791.36418  0.000176726
       792.17345  0.000176018
       792.98272  0.000175613
       793.79199  0.000175047
       794.60127  0.000174622
       795.41054  0.000174010
       796.21981  0.000173394
       797.02908  0.000172934
       797.83836  0.000172415
       798.64763  0.000171972
       799.45690  0.000171332
       800.26617  0.000170823
       801.07545  0.000170310
       801.88472  0.000169853
       802.69399  0.000169362
       803.50326  0.000168709
       804.31254  0.000168302
       805.12181  0.000167754
       805.93108  0.000167341
       806.74035  0.000166804
       807.54963  0.000166167
       808.35890  0.000165777
       809.16817  0.000165263
       809.97744  0.000164869
       810.78672  0.000164280
       811.59599  0.000163737
       812.40526  0.000163296
       813.21453  0.000162834
       814.02381  0.000162401
       814.83308  0.000161799
       815.64235  0.000161354
       816.45162  0.000160864
       817.26090  0.000160459
       818.07017  0.000159982
       818.87944  0.000159368
       819.68871  0.000159009
       820.49799  0.000158505
       821.30726  0.000158130
       822.11653  0.000157609
       822.92580  0.000157038
       823.73508  0.000156662
       824.54435  0.000156197
       825.35362  0.000155817
       826.16289  0.000155262
       826.97217  0.000154784
       827.78144  0.000154361
       828.59071  0.000153950
       829.39998  0.000153528
       830.20926  0.000152961
       831.01853  0.000152573
       831.82780  0.000152110
       832.63707  0.000151746
       833.44635  0.000151283
       834.25562  0.000150705
       835.06489  0.000150383
       835.87416  0.000149923
       836.68344  0.000149583
       837.49271  0.000149072
       838.30198  0.000148566
       839.11125  0.000148204
       839.92053  0.000147788
       840.72980  0.000147415
       841.53907  0.000146892
       842.34835  0.000146472
       843.15762  0.000146066
       843.96689  0.000145700
       844.77616  0.000145289
       845.58544  0.000144754
       846.39471  0.000144418
       847.20398  0.000143982
       848.01325  0.000143652
       848.82253  0.000143203
       849.63180  0.000142676
       850.44107  0.000142369
       851.25034  0.000141950
       852.05962  0.000141623
       852.86889  0.000141140
       853.67816  0.000140692
       854.48743  0.000140343
       855.29671  0.000139972
       856.10598  0.000139607
       856.91525  0.000139113
       857.72452  0.000138745
       858.53380  0.000138355
       859.34307  0.000138030
       860.15234  0.000137629
       860.96161  0.000137125
       861.77089  0.000136833
       862.58016  0.000136424
       863.38943  0.000136124
       864.19870  0.000135685
       865.00798  0.000135212
       865.81725  0.000134915
       866.62652  0.000134540
       867.43579  0.000134218
       868.24507  0.000133761
       869.05434  0.000133365
       869.86361  0.000133029
       870.67288  0.000132697
       871.48216  0.000132341
       872.29143  0.000131874
       873.10070  0.000131552
       873.90997  0.000131181
       874.71925  0.000130889
       875.52852  0.000130499
       876.33779  0.000130022
       877.14706  0.000129763
       877.95634  0.000129385
       878.76561  0.000129102
       879.57488  0.000128680
       880.38415  0.000128260
       881.19343  0.000127972
       882.00270  0.000127636
       882.81197  0.000127320
       883.62124  0.000126888
       884.43052  0.000126538
       885.23979  0.000126214
       886.04906  0.000125919
       886.85833  0.000125570
       887.66761  0.000125129
       888.47688  0.000124847
       889.28615  0.000124498
       890.09542  0.000124232
       890.90470  0.000123852
       891.71397  0.000123412
       892.52324  0.000123169
       893.33251  0.000122829
       894.14179  0.000122550
       894.95106  0.000122150
       895.76033  0.000121776
       896.56960  0.000121498
       897.37888  0.000121197
       898.18815  0.000120887
       898.99742  0.000120478
       899.80669  0.000120170
       900.61597  0.000119857
       901.42524  0.000119594
       902.23451  0.000119254
       903.04378  0.000118835
       903.85306  0.000118591
       904.66233  0.000118261
       905.47160  0.000118015
       906.28087  0.000117645
       907.09015  0.000117251
       907.89942  0.000117013
       908.70869  0.000116708
       909.51796  0.000116433
       910.32724  0.000116054
       911.13651  0.000115723
       911.94578  0.000115453
       912.75505  0.000115184
       913.56433  0.000114880
       914.37360  0.000114492
       915.18287  0.000114221
       915.99214  0.000113923
       916.80142  0.000113685
       917.61069  0.000113354
       918.41996  0.000112957
       919.22923  0.000112745
       920.03851  0.000112439
       920.84778  0.000112196
       921.65705  0.000111845
       922.46632  0.000111492
       923.27560  0.000111262
       924.08487  0.000110988
       924.89414  0.000110717
       925.70341  0.000110357
       926.51269  0.000110064
       927.32196  0.000109802
       928.13123  0.000109562
       928.94050  0.000109264
       929.74978  0.000108896
       930.55905  0.000108659
       931.36832  0.000108377
       932.17759  0.000108160
       932.98687  0.000107836
       933.79614  0.000107466
       934.60541  0.000107271
       935.41468  0.000106993
       936.22396  0.000106753
       937.03323  0.000106419
       937.84250  0.000106105
       938.65177  0.000105881
       939.46105  0.000105635
       940.27032  0.000105369
       941.07959  0.000105027
       941.88886  0.000104767
       942.69814  0.000104514
       943.50741  0.000104300
       944.31668  0.000104009
       945.12596  0.000103659
       945.93523  0.000103452
       946.74450  0.000103188
       947.55377  0.000102976
       948.36305  0.000102667
       949.17232  0.000102335
       949.98159  0.000102144
       950.79086  0.000101894
       951.60014  0.000101657
       952.40941  0.000101339
       953.21868  0.000101060
       954.02795  0.000100841
       954.83723  0.000100621
       955.64650  0.000100360
       956.45577  0.000100035
       957.26504  9.98058e-05
       958.07432  9.95636e-05
       958.88359  9.93694e-05
       959.69286  9.90851e-05
       960.50213  9.87525e-05
       961.31141  9.85726e-05
       962.12068  9.83273e-05
       962.92995  9.81174e-05
       963.73922  9.78222e-05
       964.54850  9.75248e-05
       965.35777  9.73386e-05
       966.16704  9.71134e-05
       966.97631  9.68802e-05
       967.78559  9.65777e-05
       968.59486  9.63290e-05
       969.40413  9.61168e-05
       970.21340  9.59195e-05
       971.02268  9.56637e-05
       971.83195  9.53540e-05
       972.64122  9.51526e-05
       973.45049  9.49252e-05
       974.25977  9.47400e-05
       975.06904  9.44659e-05
       975.87831  9.41529e-05
       976.68758  9.39953e-05
       977.49686  9.37669e-05
       978.30613  9.35592e-05
       979.11540  9.32779e-05
       979.92467  9.30118e-05
       980.73395  9.28298e-05
       981.54322  9.26274e-05
       982.35249  9.23979e-05
       983.16176  9.21096e-05
       983.97104  9.18890e-05
       984.78031  9.16827e-05
       985.58958  9.15062e-05
       986.39885  9.12556e-05
       987.20813  9.09607e-05
       988.01740  9.07842e-05
       988.82667  9.05724e-05
       989.63594  9.03883e-05
       990.44522  9.01267e-05
       991.25449  8.98472e-05
       992.06376  8.96910e-05
       992.87303  8.94843e-05
       993.68231  8.92791e-05
       994.49158  8.90108e-05
       995.30085  8.87735e-05
       996.11012  8.85953e-05
       996.91940  8.84135e-05
       997.72867  8.81879e-05
       998.53794  8.79130e-05
       999.34721  8.77177e-05
       1000.1565  8.75214e-05
       1000.9658  8.73591e-05
       1001.7750  8.71143e-05
       1002.5843  8.68332e-05
       1003.3936  8.66792e-05
       1004.2028  8.64818e-05
       1005.0121  8.62991e-05
       1005.8214  8.60493e-05
       1006.6307  8.58016e-05
       1007.4399  8.56449e-05
       1008.2492  8.54585e-05
       1009.0585  8.52561e-05
       1009.8678  8.49999e-05
       1010.6770  8.47917e-05
       1011.4863  8.46144e-05
       1012.2956  8.44513e-05
       1013.1048  8.42298e-05
       1013.9141  8.39675e-05
       1014.7234  8.37952e-05
       1015.5327  8.36121e-05
       1016.3419  8.34502e-05
       1017.1512  8.32177e-05
       1017.9605  8.29610e-05
       1018.7698  8.28179e-05
       1019.5790  8.26338e-05
       1020.3883  8.24528e-05
       1021.1976  8.22141e-05
       1022.0068  8.19953e-05
       1022.8161  8.18385e-05
       1023.6254  8.16706e-05
       1024.4347  8.14712e-05
       1025.2439  8.12265e-05
       1026.0532  8.10406e-05
       1026.8625  8.08685e-05
       1027.6718  8.07224e-05
       1028.4810  8.05051e-05
       1029.2903  8.02546e-05
       1030.0996  8.01030e-05
       1030.9088  7.99321e-05
       1031.7181  7.97711e-05
       1032.5274  7.95487e-05
       1033.3367  7.93206e-05
       1034.1459  7.91826e-05
       1034.9552  7.90107e-05
       1035.7645  7.88318e-05
       1036.5737  7.86035e-05
       1037.3830  7.84109e-05
       1038.1923  7.82544e-05
       1039.0016  7.81033e-05
       1039.8108  7.79071e-05
       1040.6201  7.76732e-05
       1041.4294  7.75062e-05
       1042.2387  7.73470e-05
       1043.0479  7.72043e-05
       1043.8572  7.69968e-05
       1044.6665  7.67609e-05
       1045.4757  7.66246e-05
       1046.2850  7.64650e-05
       1047.0943  7.63051e-05
       1047.9036  7.60922e-05
       1048.7128  7.58901e-05
       1049.5221  7.57517e-05
       1050.3314  7.55964e-05
       1051.1407  7.54197e-05
       1051.9499  7.52013e-05
       1052.7592  7.50284e-05
       1053.5685  7.48765e-05
       1054.3777  7.47408e-05
       1055.1870  7.45478e-05
       1055.9963  7.43241e-05
       1056.8056  7.41756e-05
       1057.6148  7.40276e-05
       1058.4241  7.38852e-05
       1059.2334  7.36867e-05
       1060.0427  7.34762e-05
       1060.8519  7.33448e-05
       1061.6612  7.31956e-05
       1062.4705  7.30370e-05
       1063.2797  7.28331e-05
       1064.0890  7.26546e-05
       1064.8983  7.25161e-05
       1065.7076  7.23760e-05
       1066.5168  7.22017e-05
       1067.3261  7.19926e-05
       1068.1354  7.18369e-05
       1068.9447  7.16926e-05
       1069.7539  7.15666e-05
       1070.5632  7.13790e-05
       1071.3725  7.11648e-05
       1072.1817  7.10338e-05
       1072.9910  7.08954e-05
       1073.8003  7.07536e-05
       1074.6096  7.05633e-05
       1075.4188  7.03762e-05
       1076.2281  7.02495e-05
       1077.0374  7.01099e-05
       1077.8466  6.99529e-05
       1078.6559  6.97575e-05
       1079.4652  6.95965e-05
       1080.2745  6.94622e-05
       1081.0837  6.93359e-05
       1081.8930  6.91642e-05
       1082.7023  6.89638e-05
       1083.5116  6.88239e-05
       1084.3208  6.86905e-05
       1085.1301  6.85644e-05
       1085.9394  6.83868e-05
       1086.7486  6.81921e-05
       1087.5579  6.80669e-05
       1088.3672  6.79374e-05
       1089.1765  6.77965e-05
       1089.9857  6.76140e-05
       1090.7950  6.74482e-05
       1091.6043  6.73254e-05
       1092.4136  6.71952e-05
       1093.2228  6.70400e-05
       1094.0321  6.68526e-05
       1094.8414  6.67073e-05
       1095.6506  6.65774e-05
       1096.4599  6.64638e-05
       1097.2692  6.62947e-05
       1098.0785  6.61026e-05
       1098.8877  6.59770e-05
       1099.6970  6.58537e-05
       1100.5063  6.57279e-05
       1101.3156  6.55573e-05
       1102.1248  6.53838e-05
       1102.9341  6.52630e-05
       1103.7434  6.51417e-05
       1104.5526  6.50020e-05
       1105.3619  6.48267e-05
       1106.1712  6.46766e-05
       1106.9805  6.45575e-05
       1107.7897  6.44399e-05
       1108.5990  6.42866e-05
       1109.4083  6.41068e-05
       1110.2175  6.39757e-05
       1111.0268  6.38544e-05
       1111.8361  6.37425e-05
       1112.6454  6.35817e-05
       1113.4546  6.34028e-05
       1114.2639  6.32850e-05
       1115.0732  6.31710e-05
       1115.8825  6.30457e-05
       1116.6917  6.28818e-05
       1117.5010  6.27275e-05
       1118.3103  6.26110e-05
       1119.1195  6.24973e-05
       1119.9288  6.23589e-05
       1120.7381  6.21906e-05
       1121.5474  6.20546e-05
       1122.3566  6.19393e-05
       1123.1659  6.18332e-05
       1123.9752  6.16820e-05
       1124.7845  6.15094e-05
       1125.5937  6.13913e-05
       1126.4030  6.12790e-05
       1127.2123  6.11671e-05
       1128.0215  6.10139e-05
       1128.8308  6.08526e-05
       1129.6401  6.07376e-05
       1130.4494  6.06321e-05
       1131.2586  6.05074e-05
       1132.0679  6.03499e-05
       1132.8772  6.02097e-05
       1133.6865  6.01008e-05
       1134.4957  5.99942e-05
       1135.3050  5.98572e-05
       1136.1143  5.96954e-05
       1136.9235  5.95725e-05
       1137.7328  5.94618e-05
       1138.5421  5.93624e-05
       1139.3514  5.92162e-05
       1140.1606  5.90517e-05
       1140.9699  5.89443e-05
       1141.7792  5.88403e-05
       1142.5884  5.87285e-05
       1143.3977  5.85811e-05
       1144.2070  5.84371e-05
       1145.0163  5.83263e-05
       1145.8255  5.82274e-05
       1146.6348  5.81036e-05
       1147.4441  5.79521e-05
       1148.2534  5.78053e-05
       1149.0626  5.77222e-05
       1149.8719  5.75853e-05
       1150.6812  5.73714e-05
       1151.4904  5.72275e-05
       1152.2997  5.70617e-05
       1153.1090  5.67880e-05
       1153.9183  5.65178e-05
       1154.7275  5.63617e-05
       1155.5368  5.61974e-05
       1156.3461  5.60123e-05
       1157.1554  5.58580e-05
       1157.9646  5.57367e-05
       1158.7739  5.55131e-05
       1159.5832  5.51721e-05
       1160.3924  5.49380e-05
       1161.2017  5.47712e-05
       1162.0110  5.45365e-05
       1162.8203  5.44092e-05
       1163.6295  5.42787e-05
       1164.4388  5.41529e-05
       1165.2481  5.40775e-05
       1166.0574  5.39638e-05
       1166.8666  5.38447e-05
       1167.6759  5.37152e-05
       1168.4852  5.35939e-05
       1169.2944  5.35153e-05
       1170.1037  5.34058e-05
       1170.9130  5.32880e-05
       1171.7223  5.31594e-05
       1172.5315  5.30427e-05
       1173.3408  5.29609e-05
       1174.1501  5.28553e-05
       1174.9594  5.27390e-05
       1175.7686  5.26113e-05
       1176.5779  5.24990e-05
       1177.3872  5.24191e-05
       1178.1964  5.23125e-05
       1179.0057  5.21974e-05
       1179.8150  5.20707e-05
       1180.6243  5.19626e-05
       1181.4335  5.18848e-05
       1182.2428  5.17770e-05
       1183.0521  5.16633e-05
       1183.8613  5.15375e-05
       1184.6706  5.14336e-05
       1185.4799  5.13572e-05
       1186.2892  5.12488e-05
       1187.0984  5.11364e-05
       1187.9077  5.10115e-05
       1188.7170  5.09117e-05
       1189.5263  5.08347e-05
       1190.3355  5.07278e-05
       1191.1448  5.06166e-05
       1191.9541  5.04926e-05
       1192.7633  5.03969e-05
       1193.5726  5.03193e-05
       1194.3819  5.02138e-05
       1195.1912  5.01039e-05
       1196.0004  4.99808e-05
       1196.8097  4.98890e-05
       1197.6190  4.98108e-05
       1198.4283  4.97067e-05
       1199.2375  4.95981e-05
       1200.0468  4.94759e-05
       1200.8561  4.93879e-05
       1201.6653  4.93092e-05
       1202.4746  4.92064e-05
       1203.2839  4.90990e-05
       1204.0932  4.89777e-05
       1204.9024  4.88934e-05
       1205.7117  4.87898e-05
       1206.5210  4.86392e-05
       1207.3303  4.85465e-05
       1208.1395  4.84292e-05
       1208.9488  4.83621e-05
       1209.7581  4.81919e-05
       1210.5673  4.79937e-05
       1211.3766  4.78766e-05
       1212.1859  4.78269e-05
       1212.9952  4.76425e-05
       1213.8044  4.75041e-05
       1214.6137  4.73428e-05
       1215.4230  4.72008e-05
       1216.2322  4.71063e-05
       1217.0415  4.69762e-05
       1217.8508  4.67232e-05
       1218.6601  4.66096e-05
       1219.4693  4.64854e-05
       1220.2786  4.63275e-05
       1221.0879  4.61450e-05
       1221.8972  4.59114e-05
       1222.7064  4.58569e-05
       1223.5157  4.56214e-05
       1224.3250  4.54688e-05
       1225.1342  4.53675e-05
       1225.9435  4.52237e-05
       1226.7528  4.50616e-05
       1227.5621  4.48579e-05
       1228.3713  4.46365e-05
       1229.1806  4.44268e-05
       1229.9899  4.42718e-05
       1230.7992  4.41565e-05
       1231.6084  4.39563e-05
       1232.4177  4.38240e-05
       1233.2270  4.36735e-05
       1234.0362  4.34454e-05
       1234.8455  4.32740e-05
       1235.6548  4.31987e-05
       1236.4641  4.29432e-05
       1237.2733  4.27431e-05
       1238.0826  4.26320e-05
       1238.8919  4.24830e-05
       1239.7012  4.22994e-05
       1240.5104  4.21062e-05
       1241.3197  4.18698e-05
       1242.1290  4.18113e-05
       1242.9382  4.16629e-05
       1243.7475  4.14855e-05
       1244.5568  4.13021e-05
       1245.3661  4.11034e-05
       1246.1753  4.08536e-05
       1246.9846  4.07856e-05
       1247.7939  4.06332e-05
       1248.6032  4.04512e-05
       1249.4124  4.02978e-05
       1250.2217  4.01758e-05
       1251.0310  3.99851e-05
       1251.8402  3.97102e-05
       1252.6495  3.95944e-05
       1253.4588  3.94437e-05
       1254.2681  3.92793e-05
       1255.0773  3.91336e-05
       1255.8866  3.88965e-05
       1256.6959  3.86936e-05
       1257.5051  3.86191e-05
       1258.3144  3.84562e-05
       1259.1237  3.82385e-05
       1259.9330  3.80765e-05
       1260.7422  3.80176e-05
       1261.5515  3.77603e-05
       1262.3608  3.76121e-05
       1263.1701  3.75336e-05
       1263.9793  3.74398e-05
       1264.7886  3.72902e-05
       1265.5979  3.71604e-05
       1266.4071  3.69599e-05
       1267.2164  3.67900e-05
       1268.0257  3.66361e-05
       1268.8350  3.65147e-05
       1269.6442  3.64287e-05
       1270.4535  3.63334e-05
       1271.2628  3.61797e-05
       1272.0721  3.60196e-05
       1272.8813  3.58954e-05
       1273.6906  3.58007e-05
       1274.4999  3.56858e-05
       1275.3091  3.54658e-05
       1276.1184  3.53674e-05
       1276.9277  3.52746e-05
       1277.7370  3.51898e-05
       1278.5462  3.50880e-05
       1279.3555  3.49623e-05
       1280.1648  3.48592e-05
       1280.9741  3.47993e-05
       1281.7833  3.46999e-05
       1282.5926  3.45444e-05
       1283.4019  3.44132e-05
       1284.2111  3.43407e-05
       1285.0204  3.42044e-05
       1285.8297  3.40780e-05
       1286.6390  3.39888e-05
       1287.4482  3.39070e-05
       1288.2575  3.38363e-05
       1289.0668  3.37717e-05
       1289.8760  3.36686e-05
       1290.6853  3.35315e-05
       1291.4946  3.34536e-05
       1292.3039  3.33416e-05
       1293.1131  3.32181e-05
       1293.9224  3.31196e-05
       1294.7317  3.30196e-05
       1295.5410  3.29758e-05
       1296.3502  3.28632e-05
       1297.1595  3.27431e-05
       1297.9688  3.26288e-05
       1298.7780  3.25297e-05
       1299.5873  3.24821e-05
       1300.3966  3.23422e-05
       1301.2059  3.22614e-05
       1302.0151  3.21723e-05
       1302.8244  3.20642e-05
       1303.6337  3.19608e-05
       1304.4430  3.19031e-05
       1305.2522  3.18186e-05
       1306.0615  3.17344e-05
       1306.8708  3.16253e-05
       1307.6800  3.15041e-05
       1308.4893  3.13998e-05
       1309.2986  3.13371e-05
       1310.1079  3.12219e-05
       1310.9171  3.11258e-05
       1311.7264  3.10161e-05
       1312.5357  3.09215e-05
       1313.3450  3.08448e-05
       1314.1542  3.06986e-05
       1314.9635  3.05937e-05
       1315.7728  3.05563e-05
       1316.5820  3.04526e-05
       1317.3913  3.03289e-05
       1318.2006  3.02444e-05
       1319.0099  3.01416e-05
       1319.8191  3.00329e-05
       1320.6284  2.99574e-05
       1321.4377  2.98627e-05
       1322.2469  2.97561e-05
       1323.0562  2.96699e-05
       1323.8655  2.96337e-05
       1324.6748  2.95463e-05
       1325.4840  2.94267e-05
       1326.2933  2.93407e-05
       1327.1026  2.92540e-05
       1327.9119  2.91323e-05
       1328.7211  2.90197e-05
       1329.5304  2.88909e-05
       1330.3397  2.88172e-05
       1331.1489  2.87390e-05
       1331.9582  2.86296e-05
       1332.7675  2.84953e-05
       1333.5768  2.83760e-05
       1334.3860  2.82703e-05
       1335.1953  2.81652e-05
       1336.0046  2.80596e-05
       1336.8139  2.79808e-05
       1337.6231  2.79232e-05
       1338.4324  2.78018e-05
       1339.2417  2.76723e-05
       1340.0509  2.75972e-05
       1340.8602  2.74929e-05
       1341.6695  2.73921e-05
       1342.4788  2.73174e-05
       1343.2880  2.71875e-05
       1344.0973  2.70908e-05
       1344.9066  2.70107e-05
       1345.7159  2.68725e-05
       1346.5251  2.67477e-05
       1347.3344  2.66852e-05
       1348.1437  2.65801e-05
       1348.9529  2.64560e-05
       1349.7622  2.63738e-05
       1350.5715  2.62688e-05
       1351.3808  2.61432e-05
       1352.1900  2.60309e-05
       1352.9993  2.59684e-05
       1353.8086  2.58857e-05
       1354.6179  2.58004e-05
       1355.4271  2.56759e-05
       1356.2364  2.55458e-05
       1357.0457  2.54455e-05
       1357.8549  2.53599e-05
       1358.6642  2.53365e-05
       1359.4735  2.52095e-05
       1360.2828  2.51172e-05
       1361.0920  2.50425e-05
       1361.9013  2.49474e-05
       1362.7106  2.48769e-05
       1363.5198  2.48236e-05
       1364.3291  2.47335e-05
       1365.1384  2.46568e-05
       1365.9477  2.45941e-05
       1366.7569  2.45319e-05
       1367.5662  2.44695e-05
       1368.3755  2.43900e-05
       1369.1848  2.43001e-05
       1369.9940  2.42446e-05
       1370.8033  2.41972e-05
       1371.6126  2.41296e-05
       1372.4218  2.40637e-05
       1373.2311  2.39798e-05
       1374.0404  2.39148e-05
       1374.8497  2.38344e-05
       1375.6589  2.37485e-05
       1376.4682  2.36803e-05
       1377.2775  2.36411e-05
       1378.0868  2.35804e-05
       1378.8960  2.35308e-05
       1379.7053  2.34450e-05
       1380.5146  2.33640e-05
       1381.3238  2.33248e-05
       1382.1331  2.32878e-05
       1382.9424  2.32052e-05
       1383.7517  2.31244e-05
       1384.5609  2.30514e-05
       1385.3702  2.29968e-05
       1386.1795  2.29535e-05
       1386.9888  2.28798e-05
       1387.7980  2.27799e-05
       1388.6073  2.27309e-05
       1389.4166  2.26575e-05
       1390.2258  2.25725e-05
       1391.0351  2.25067e-05
       1391.8444  2.24532e-05
       1392.6537  2.23492e-05
       1393.4629  2.22778e-05
       1394.2722  2.21783e-05
       1395.0815  2.20606e-05
       1395.8907  2.19553e-05
       1396.7000  2.18740e-05
       1397.5093  2.17688e-05
       1398.3186  2.16513e-05
       1399.1278  2.15466e-05
       1399.9371  2.14753e-05
       1400.7464  2.14214e-05
       1401.5557  2.13101e-05
       1402.3649  2.12211e-05
       1403.1742  2.11300e-05
       1403.9835  2.09854e-05
       1404.7927  2.08542e-05
       1405.6020  2.07836e-05
       1406.4113  2.06933e-05
       1407.2206  2.05950e-05
       1408.0298  2.05605e-05
       1408.8391  2.05285e-05
       1409.6484  2.04858e-05
       1410.4577  2.04379e-05
       1411.2669  2.04040e-05
       1412.0762  2.03723e-05
       1412.8855  2.03480e-05
       1413.6947  2.03180e-05
       1414.5040  2.02766e-05
       1415.3133  2.02289e-05
       1416.1226  2.01947e-05
       1416.9318  2.01633e-05
       1417.7411  2.01385e-05
       1418.5504  2.01104e-05
       1419.3597  2.00702e-05
       1420.1689  2.00227e-05
       1420.9782  1.99883e-05
       1421.7875  1.99571e-05
       1422.5967  1.99319e-05
       1423.4060  1.99056e-05
       1424.2153  1.98666e-05
       1425.0246  1.98204e-05
       1425.8338  1.97847e-05
       1426.6431  1.97538e-05
       1427.4524  1.97280e-05
       1428.2616  1.97036e-05
       1429.0709  1.96658e-05
       1429.8802  1.96214e-05
       1430.6895  1.95838e-05
       1431.4987  1.95532e-05
       1432.3080  1.95270e-05
       1433.1173  1.95043e-05
       1433.9266  1.94677e-05
       1434.7358  1.94239e-05
       1435.5451  1.93856e-05
       1436.3544  1.93553e-05
       1437.1636  1.93286e-05
       1437.9729  1.93077e-05
       1438.7822  1.92716e-05
       1439.5915  1.92290e-05
       1440.4007  1.91901e-05
       1441.2100  1.91600e-05
       1442.0193  1.91330e-05
       1442.8286  1.91137e-05
       1443.6378  1.90781e-05
       1444.4471  1.90367e-05
       1445.2564  1.89973e-05
       1446.0656  1.89674e-05
       1446.8749  1.89399e-05
       1447.6842  1.89211e-05
       1448.4935  1.88872e-05
       1449.3027  1.88470e-05
       1450.1120  1.88069e-05
       1450.9213  1.87773e-05
       1451.7306  1.87495e-05
       1452.5398  1.87309e-05
       1453.3491  1.86989e-05
       1454.1584  1.86597e-05
       1454.9676  1.86192e-05
       1455.7769  1.85898e-05
       1456.5862  1.85622e-05
       1457.3955  1.85432e-05
       1458.2047  1.85130e-05
       1459.0140  1.84750e-05
       1459.8233  1.84339e-05
       1460.6326  1.84048e-05
       1461.4418  1.83775e-05
       1462.2511  1.83581e-05
       1463.0604  1.83295e-05
       1463.8696  1.82927e-05
       1464.6789  1.82511e-05
       1465.4882  1.82222e-05
       1466.2975  1.81953e-05
       1467.1067  1.81754e-05
       1467.9160  1.81485e-05
       1468.7253  1.81127e-05
       1469.5345  1.80706e-05
       1470.3438  1.80422e-05
       1471.1531  1.80154e-05
       1471.9624  1.79951e-05
       1472.7716  1.79699e-05
       1473.5809  1.79351e-05
       1474.3902  1.78926e-05
       1475.1995  1.78645e-05
       1476.0087  1.78380e-05
       147